[[[["LAB::LG50024-5(mg/dL)"],["linear"],{"p.coeff":[-1.125655116285,1.02335900942584],"se":[0.0172743577793034,0.000200330303031069,0.00988638292162775,0.00988705653718436,0.00988690883201838,0.00988834238502904,0.00988765101715227,0.00988726049747903,0.00988586294875272,0.00988744181971323,0.00988733461596124,0.0141664747558233,0.0141664747558005,0.0141664747558167,0.0141664747558312,0.0141664747558307,0.0141664747558233,0.0141664747558261,0.0141664747558511,0.0141664747558328],"p.t":[-65.1633554582074,5108.35851562172],"p.pv":[0,0],"residual.df":[11765592.0005951],"m":[2],"chi.sq":[202676.838527402,382928.095585073],"s.pv":[0,0],"scale":[0.049323327952826],"r.sq":[0.694064460788641],"family":{"family":["gaussian"],"link":["identity"],"linkfun":["function (mu) ","mu"],"linkinv":["function (eta) ","eta"],"variance":["function (mu) ","rep.int(1, length(mu))"],"dev.resids":["function (y, mu, wt) ","wt * ((y - mu)^2)"],"aic":["function (y, n, mu, wt, dev) ","{","    nobs <- length(y)","    nobs * (log(dev/nobs * 2 * pi) + 1) + 2 - sum(log(wt))","}"],"mu.eta":["function (eta) ","rep.int(1, length(eta))"],"initialize":{},"validmu":["function (mu) ","TRUE"],"valideta":["function (eta) ","TRUE"],"canonical":["identity"],"d2link":["function (mu) ","rep.int(0, length(mu))"],"d3link":["function (mu) ","rep.int(0, length(mu))"],"d4link":["function (mu) ","rep.int(0, length(mu))"],"scale":[-1],"dvar":["function (mu) ","rep.int(0, length(mu))"],"d2var":["function (mu) ","rep.int(0, length(mu))"],"d3var":["function (mu) ","rep.int(0, length(mu))"],"ls":["function (y, w, n, scale) ","{","    nobs <- sum(w > 0)","    c(-nobs * log(2 * pi * scale)/2 + sum(log(w[w > 0]))/2, -nobs/(2 * ","        scale), nobs/(2 * scale * scale))","}"]},"formula":{},"n":[11765610],"dev.expl":[0.694064902816089],"edf":[7.99957206269421,7.99983286483573],"dispersion":[0.049323327952826],"pTerms.pv":[0],"pTerms.chi.sq":[26095326.724125],"pTerms.df":[1],"cov.unscaled":[[0.00604994531132974,-6.92464550467467e-07,-0.00198111808864294,-0.00198107885498706,-0.00198108814477285,-0.00198104832853237,-0.00198104504558029,-0.00198107573643938,-0.00198112068725805,-0.00198114099651502,-0.00198104489621265,-0.0040681656885424,-0.00406816568853566,-0.0040681656885405,-0.00406816568854473,-0.00406816568854453,-0.00406816568854219,-0.00406816568854315,-0.00406816568855091,-0.00406816568854483],[-6.92464550467467e-07,8.13656174029933e-07,-1.11258042161219e-08,-1.18968577172109e-08,-1.09170617470251e-08,3.8499903315231e-08,-1.16125779841145e-08,-1.80606332495108e-09,-4.34269558198002e-08,8.55688182609581e-08,-3.32834003744893e-08,-1.0237942309252e-16,-1.02493277460147e-16,-1.02406232226289e-16,-1.02404214895149e-16,-1.02441948744553e-16,-1.0243057568262e-16,-1.02436170150815e-16,-1.02312175061537e-16,-1.0260175652321e-16],[-0.00198111808864294,-1.11258042161219e-08,0.0019816296127977,0.00198102640428668,0.0019810348465485,0.0019809523007233,0.00198099235013374,0.00198101456032893,0.00198109549930591,0.00198100426528485,0.0019810109395292,-8.40554809938946e-17,-2.84472028992565e-16,-9.35153679568698e-17,-3.55970963070037e-17,-8.25489198529256e-17,-3.19095030990922e-16,-1.50935608936858e-16,4.33048981495161e-16,-4.10513988295817e-16],[-0.00198107885498706,-1.18968577172109e-08,0.00198102640428668,0.00198189966141324,0.00198099628125369,0.00198091369019319,0.00198095378632573,0.00198097598679276,0.00198105696364639,0.00198096560912592,0.00198097239590112,-8.22168168970681e-17,-2.82537232484849e-16,-9.16817484345731e-17,-3.37182068456514e-17,-8.06610466789673e-17,-3.1717343689127e-16,-1.490055523671e-16,4.3494245919096e-16,-4.08577880772954e-16],[-0.00198108814477285,-1.09170617470251e-08,0.0019810348465485,0.00198099628125369,0.00198184044568392,0.00198092219173574,0.00198096222769139,0.00198098444006269,0.00198106536713993,0.0019809741675729,0.00198098081124909,2.12338038426789e-16,1.19799996104188e-17,2.02848795302375e-16,2.60810375930738e-16,2.13878318172874e-16,-2.26574971605688e-17,1.45592359872377e-16,7.2952597864099e-16,-1.14050196107751e-16],[-0.00198104832853237,3.8499903315231e-08,0.0019809523007233,0.00198091369019319,0.00198092219173574,0.00198241520152655,0.00198087965530364,0.00198090246234487,0.00198098085827846,0.00198089749689705,0.00198089692193975,2.96753913617476e-16,9.64216845082653e-17,2.87325194901165e-16,3.45283718699957e-16,2.98322069020347e-16,6.1805132264182e-17,2.29951662344762e-16,8.13992017991564e-16,-2.96031692741366e-17],[-0.00198104504558029,-1.16125779841145e-08,0.00198099235013374,0.00198095378632573,0.00198096222769139,0.00198087965530364,0.00198213800030885,0.00198094193676025,0.00198102289769075,0.00198093158977735,0.00198093833494051,1.28444012312633e-16,-7.18544310119439e-17,1.18997998908328e-16,1.76990390863623e-16,1.30046443634183e-16,-1.06526996905816e-16,6.16871664009382e-17,6.45647732998751e-16,-1.97903482757254e-16],[-0.00198107573643938,-1.80606332495108e-09,0.00198101456032893,0.00198097598679276,0.00198098444006269,0.00198090246234487,0.00198094193676025,0.00198198143155521,0.0019810447189187,0.00198095496470562,0.00198096027747052,-3.02058367646455e-16,-5.02379853793456e-16,-3.11500490093879e-16,-2.53514730638224e-16,-3.00470297164839e-16,-5.37014111700532e-16,-3.68864939412659e-16,2.15129202344203e-16,-6.28359233715815e-16],[-0.00198112068725805,-4.34269558198002e-08,0.00198109549930591,0.00198105696364639,0.00198106536713993,0.00198098085827846,0.00198102289769075,0.0019810447189187,0.00198142117123551,0.00198103095506083,0.00198104234766909,9.59445268887609e-17,-1.04381137453982e-16,8.6596937534847e-17,1.44528587659246e-16,9.75742540783843e-17,-1.39024827374148e-16,2.91476402871789e-17,6.1317385083849e-16,-2.30425166371651e-16],[-0.00198114099651502,8.55688182609581e-08,0.00198100426528485,0.00198096560912592,0.0019809741675729,0.00198089749689705,0.00198093158977735,0.00198095496470562,0.00198103095506083,0.00198205412724209,0.00198094760327132,-5.95352926515458e-17,-2.59859534698657e-16,-6.89765560229522e-17,-1.10148072666379e-17,-5.7944457065159e-17,-2.94494792084999e-16,-1.26298512206479e-16,4.57624606454892e-16,-3.8595054661147e-16],[-0.00198104489621265,-3.32834003744893e-08,0.0019810109395292,0.00198097239590112,0.00198098081124909,0.00198089692193975,0.00198093833494051,0.00198096027747052,0.00198104234766909,0.00198094760327132,0.0019820111469665,6.62976077362329e-17,-1.3398218212625e-16,5.68605177828092e-17,1.14805696476309e-16,6.78939324988115e-17,-1.68634934786014e-16,-4.53679450949489e-19,5.83474847507493e-16,-2.6007699294894e-16],[-0.0040681656885424,-1.0237942309252e-16,-8.40554809938946e-17,-8.22168168970681e-17,2.12338038426789e-16,2.96753913617476e-16,1.28444012312633e-16,-3.02058367646455e-16,9.59445268887609e-17,-5.95352926515458e-17,6.62976077362329e-17,0.00406884562208215,0.0040680806968424,0.00406808069684706,0.00406808069685123,0.00406808069685108,0.00406808069684897,0.00406808069684976,0.00406808069685694,0.0040680806968517],[-0.00406816568853566,-1.02493277460147e-16,-2.84472028992565e-16,-2.82537232484849e-16,1.19799996104188e-17,9.64216845082653e-17,-7.18544310119439e-17,-5.02379853793456e-16,-1.04381137453982e-16,-2.59859534698657e-16,-1.3398218212625e-16,0.0040680806968424,0.00406884562206905,0.00406808069684051,0.00406808069684468,0.00406808069684453,0.00406808069684242,0.00406808069684321,0.00406808069685039,0.00406808069684515],[-0.0040681656885405,-1.02406232226289e-16,-9.35153679568698e-17,-9.16817484345731e-17,2.02848795302375e-16,2.87325194901165e-16,1.18997998908328e-16,-3.11500490093879e-16,8.6596937534847e-17,-6.89765560229522e-17,5.68605177828092e-17,0.00406808069684706,0.00406808069684051,0.00406884562207836,0.00406808069684933,0.00406808069684918,0.00406808069684708,0.00406808069684787,0.00406808069685504,0.00406808069684981],[-0.00406816568854473,-1.02404214895149e-16,-3.55970963070037e-17,-3.37182068456514e-17,2.60810375930738e-16,3.45283718699957e-16,1.76990390863623e-16,-2.53514730638224e-16,1.44528587659246e-16,-1.10148072666379e-17,1.14805696476309e-16,0.00406808069685123,0.00406808069684468,0.00406808069684933,0.0040688456220867,0.00406808069685335,0.00406808069685125,0.00406808069685204,0.00406808069685922,0.00406808069685398],[-0.00406816568854453,-1.02441948744553e-16,-8.25489198529256e-17,-8.06610466789673e-17,2.13878318172874e-16,2.98322069020347e-16,1.30046443634183e-16,-3.00470297164839e-16,9.75742540783843e-17,-5.7944457065159e-17,6.78939324988115e-17,0.00406808069685108,0.00406808069684453,0.00406808069684918,0.00406808069685335,0.0040688456220864,0.0040680806968511,0.00406808069685189,0.00406808069685907,0.00406808069685383],[-0.00406816568854219,-1.0243057568262e-16,-3.19095030990922e-16,-3.1717343689127e-16,-2.26574971605688e-17,6.1805132264182e-17,-1.06526996905816e-16,-5.37014111700532e-16,-1.39024827374148e-16,-2.94494792084999e-16,-1.68634934786014e-16,0.00406808069684897,0.00406808069684242,0.00406808069684708,0.00406808069685125,0.0040680806968511,0.00406884562208219,0.00406808069684978,0.00406808069685696,0.00406808069685172],[-0.00406816568854315,-1.02436170150815e-16,-1.50935608936858e-16,-1.490055523671e-16,1.45592359872377e-16,2.29951662344762e-16,6.16871664009382e-17,-3.68864939412659e-16,2.91476402871789e-17,-1.26298512206479e-16,-4.53679450949489e-19,0.00406808069684976,0.00406808069684321,0.00406808069684787,0.00406808069685204,0.00406808069685189,0.00406808069684978,0.00406884562208377,0.00406808069685775,0.00406808069685251],[-0.00406816568855091,-1.02312175061537e-16,4.33048981495161e-16,4.3494245919096e-16,7.2952597864099e-16,8.13992017991564e-16,6.45647732998751e-16,2.15129202344203e-16,6.1317385083849e-16,4.57624606454892e-16,5.83474847507493e-16,0.00406808069685694,0.00406808069685039,0.00406808069685504,0.00406808069685922,0.00406808069685907,0.00406808069685696,0.00406808069685775,0.00406884562209813,0.00406808069685969],[-0.00406816568854483,-1.0260175652321e-16,-4.10513988295817e-16,-4.08577880772954e-16,-1.14050196107751e-16,-2.96031692741366e-17,-1.97903482757254e-16,-6.28359233715815e-16,-2.30425166371651e-16,-3.8595054661147e-16,-2.6007699294894e-16,0.0040680806968517,0.00406808069684515,0.00406808069684981,0.00406808069685398,0.00406808069685383,0.00406808069685172,0.00406808069685251,0.00406808069685969,0.00406884562208765]],"cov.scaled":[[0.000298403436687379,-3.41546561184131e-08,-9.77153371994117e-05,-9.77134020649357e-05,-9.7713860268087e-05,-9.77118963985997e-05,-9.7711734472478e-05,-9.77132482477861e-05,-9.77154653717568e-05,-9.7716467091899e-05,-9.77117271051689e-05,-0.000200655470422411,-0.000200655470422078,-0.000200655470422317,-0.000200655470422526,-0.000200655470422516,-0.000200655470422401,-0.000200655470422448,-0.000200655470422831,-0.000200655470422531],[-3.41546561184131e-08,4.01322303125201e-08,-5.48761690090717e-10,-5.867926147941e-10,-5.3846581682977e-10,1.89894335736923e-09,-5.72770992288248e-10,-8.90810536801336e-11,-2.14196198389289e-09,4.220538885621e-09,-1.64164807205615e-09,-5.04969386081348e-18,-5.0553095371268e-18,-5.0510161765105e-18,-5.05091667502508e-18,-5.05277783405416e-18,-5.05221687679065e-18,-5.05249281458015e-18,-5.04637696412711e-18,-5.06066008553027e-18],[-9.77153371994117e-05,-5.48761690090717e-10,9.77405672730528e-05,9.77108150218397e-05,9.77112314222878e-05,9.77071599874807e-05,9.77091353576861e-05,9.7710230838427e-05,9.77142230181331e-05,9.77097230525918e-05,9.77100522485345e-05,-4.1458960552944e-18,-1.40311071794061e-17,-4.61248916236589e-18,-1.75576725531868e-18,-4.0715874460574e-18,-1.57388288616824e-17,-7.44464653935213e-18,2.13594169339231e-17,-2.02479160739371e-17],[-9.77134020649357e-05,-5.867926147941e-10,9.77108150218397e-05,9.77538869694799e-05,9.77093292536044e-05,9.77052555876417e-05,9.77072332623363e-05,9.77083282632526e-05,9.77123223111608e-05,9.77078164021876e-05,9.77081511485265e-05,-4.05520702305154e-18,-1.39356765767341e-17,-4.52204894532694e-18,-1.66309417422929e-18,-3.97847125836491e-18,-1.56440494457131e-17,-7.34944972619446e-18,2.14528095552843e-17,-2.01524208076351e-17],[-9.7713860268087e-05,-5.3846581682977e-10,9.77112314222878e-05,9.77093292536044e-05,9.7750966252643e-05,9.7705674912013e-05,9.77076496185831e-05,9.77087452066576e-05,9.77127367994284e-05,9.77082385332744e-05,9.77085662214941e-05,1.04732187061843e-17,5.90893449659414e-19,1.00051776555347e-17,1.28640357055316e-17,1.05491904292395e-17,-1.11754316304096e-18,7.18109971341111e-18,3.59826490946159e-17,-5.62533522570674e-18],[-9.77118963985997e-05,1.89894335736923e-09,9.77071599874807e-05,9.77052555876417e-05,9.7705674912013e-05,9.77793151235618e-05,9.77035768736223e-05,9.77047017927966e-05,9.7708568541139e-05,9.77044568803855e-05,9.77044285215778e-05,1.46368906026394e-17,4.75583836676509e-18,1.41718348172198e-17,1.70305420942093e-17,1.47142372458562e-17,3.04843480783404e-18,1.13419812551282e-17,4.01487952543806e-17,-1.46012682655126e-18],[-9.7711734472478e-05,-5.72770992288248e-10,9.77091353576861e-05,9.77072332623363e-05,9.77076496185831e-05,9.77035768736223e-05,9.77656426369923e-05,9.77066488023321e-05,9.77106420648587e-05,9.7706138454701e-05,9.77064711485959e-05,6.33528614287282e-18,-3.54409966566582e-18,5.8693773258855e-18,8.72975509306535e-18,6.4143233884675e-18,-5.25426600421526e-18,3.04261633887403e-18,3.18454948766961e-17,-9.7612583830425e-18],[-9.77132482477861e-05,-8.90810536801336e-11,9.7710230838427e-05,9.77083282632526e-05,9.77087452066576e-05,9.77047017927966e-05,9.77066488023321e-05,9.77579201450093e-05,9.77117183604408e-05,9.77072913839541e-05,9.77075534271999e-05,-1.48985239283214e-17,-2.47790462855474e-17,-1.53642408303664e-17,-1.25041902001415e-17,-1.48201950071445e-17,-2.64873231467009e-17,-1.81936463769499e-17,1.0610888199453e-17,-3.09927685567516e-17],[-9.77154653717568e-05,-2.14196198389289e-09,9.77142230181331e-05,9.77123223111608e-05,9.77127367994284e-05,9.7708568541139e-05,9.77106420648587e-05,9.77117183604408e-05,9.77302862415218e-05,9.77110394811657e-05,9.7711601402519e-05,4.73230336501309e-18,-5.14842507473177e-18,4.27124914974165e-18,7.12863092767574e-18,4.81268693366052e-18,-6.85716715416011e-18,1.43765862093553e-18,3.02437749370041e-17,-1.13653360495334e-17],[-9.7716467091899e-05,4.220538885621e-09,9.77097230525918e-05,9.77078164021876e-05,9.77082385332744e-05,9.77044568803855e-05,9.7706138454701e-05,9.77072913839541e-05,9.77110394811657e-05,9.77615057382141e-05,9.77069282935158e-05,-2.93647876421967e-18,-1.28171370516106e-17,-3.40215329377655e-18,-5.43286951149551e-19,-2.85801345887328e-18,-1.45254632104077e-17,-6.22946293751416e-18,2.25715685434576e-17,-1.903636538409e-17],[-9.77117271051689e-05,-1.64164807205615e-09,9.77100522485345e-05,9.77081511485265e-05,9.77085662214941e-05,9.77044285215778e-05,9.77064711485959e-05,9.77075534271999e-05,9.7711601402519e-05,9.77069282935158e-05,9.77593858079854e-05,3.27001864886203e-18,-6.6084471088483e-18,2.804549966169e-18,5.66259901815358e-18,3.34875469864591e-18,-8.31763619275399e-18,-2.23769803446397e-20,2.87789212558372e-17,-1.28278628162054e-17],[-0.000200655470422411,-5.04969386081348e-18,-4.1458960552944e-18,-4.05520702305154e-18,1.04732187061843e-17,1.46368906026394e-17,6.33528614287282e-18,-1.48985239283214e-17,4.73230336501309e-18,-2.93647876421967e-18,3.27001864886203e-18,0.000200689007007378,0.000200651278348919,0.000200651278349148,0.000200651278349354,0.000200651278349347,0.000200651278349243,0.000200651278349282,0.000200651278349636,0.000200651278349377],[-0.000200655470422078,-5.0553095371268e-18,-1.40311071794061e-17,-1.39356765767341e-17,5.90893449659414e-19,4.75583836676509e-18,-3.54409966566582e-18,-2.47790462855474e-17,-5.14842507473177e-18,-1.28171370516106e-17,-6.6084471088483e-18,0.000200651278348919,0.000200689007006732,0.000200651278348825,0.000200651278349031,0.000200651278349024,0.00020065127834892,0.000200651278348959,0.000200651278349313,0.000200651278349054],[-0.000200655470422317,-5.0510161765105e-18,-4.61248916236589e-18,-4.52204894532694e-18,1.00051776555347e-17,1.41718348172198e-17,5.8693773258855e-18,-1.53642408303664e-17,4.27124914974165e-18,-3.40215329377655e-18,2.804549966169e-18,0.000200651278349148,0.000200651278348825,0.000200689007007191,0.000200651278349261,0.000200651278349253,0.000200651278349149,0.000200651278349188,0.000200651278349542,0.000200651278349284],[-0.000200655470422526,-5.05091667502508e-18,-1.75576725531868e-18,-1.66309417422929e-18,1.28640357055316e-17,1.70305420942093e-17,8.72975509306535e-18,-1.25041902001415e-17,7.12863092767574e-18,-5.43286951149551e-19,5.66259901815358e-18,0.000200651278349354,0.000200651278349031,0.000200651278349261,0.000200689007007603,0.000200651278349459,0.000200651278349355,0.000200651278349394,0.000200651278349748,0.00020065127834949],[-0.000200655470422516,-5.05277783405416e-18,-4.0715874460574e-18,-3.97847125836491e-18,1.05491904292395e-17,1.47142372458562e-17,6.4143233884675e-18,-1.48201950071445e-17,4.81268693366052e-18,-2.85801345887328e-18,3.34875469864591e-18,0.000200651278349347,0.000200651278349024,0.000200651278349253,0.000200651278349459,0.000200689007007588,0.000200651278349348,0.000200651278349387,0.000200651278349741,0.000200651278349482],[-0.000200655470422401,-5.05221687679065e-18,-1.57388288616824e-17,-1.56440494457131e-17,-1.11754316304096e-18,3.04843480783404e-18,-5.25426600421526e-18,-2.64873231467009e-17,-6.85716715416011e-18,-1.45254632104077e-17,-8.31763619275399e-18,0.000200651278349243,0.00020065127834892,0.000200651278349149,0.000200651278349355,0.000200651278349348,0.00020068900700738,0.000200651278349283,0.000200651278349637,0.000200651278349378],[-0.000200655470422448,-5.05249281458015e-18,-7.44464653935213e-18,-7.34944972619446e-18,7.18109971341111e-18,1.13419812551282e-17,3.04261633887403e-18,-1.81936463769499e-17,1.43765862093553e-18,-6.22946293751416e-18,-2.23769803446397e-20,0.000200651278349282,0.000200651278348959,0.000200651278349188,0.000200651278349394,0.000200651278349387,0.000200651278349283,0.000200689007007458,0.000200651278349676,0.000200651278349417],[-0.000200655470422831,-5.04637696412711e-18,2.13594169339231e-17,2.14528095552843e-17,3.59826490946159e-17,4.01487952543806e-17,3.18454948766961e-17,1.0610888199453e-17,3.02437749370041e-17,2.25715685434576e-17,2.87789212558372e-17,0.000200651278349636,0.000200651278349313,0.000200651278349542,0.000200651278349748,0.000200651278349741,0.000200651278349637,0.000200651278349676,0.000200689007008166,0.000200651278349771],[-0.000200655470422531,-5.06066008553027e-18,-2.02479160739371e-17,-2.01524208076351e-17,-5.62533522570674e-18,-1.46012682655126e-18,-9.7612583830425e-18,-3.09927685567516e-17,-1.13653360495334e-17,-1.903636538409e-17,-1.28278628162054e-17,0.000200651278349377,0.000200651278349054,0.000200651278349284,0.00020065127834949,0.000200651278349482,0.000200651278349378,0.000200651278349417,0.000200651278349771,0.000200689007007649]],"p.table":[[-1.125655116285,0.0172743577793034,-65.1633554582074,0],[1.02335900942584,0.000200330303031069,5108.35851562172,0]],"pTerms.table":[[1,26095326.724125,0]],"s.table":[[7.99957206269421,8,25334.6048159253,0],[7.99983286483573,8,47866.0119481341,0]],"method":["-REML"],"sp.criterion":[-1008691.56109911],"rank":[20],"np":[20]},[{"scale":[false],"se":[false],"xlab":["Gaussian quantiles"],"ylab":["effects"],"main":["s(site_d,8)"],"fit":[[-0.0154976612580385],[0.00612888025926791],[-0.00886947444222934],[-0.00230390274729799],[-0.000327269944704344],[-0.024362560248217],[-0.0431346646052666],[0.0567276304871433],[0.0316390225159795]],"plot.me":[true]},{"scale":[false],"se":[false],"xlab":["Gaussian quantiles"],"ylab":["effects"],"main":["s(site_m,8)"],"fit":[[-0.0625526665506294],[-0.0629108528485613],[0.0167129897431731],[-0.0203564371785624],[0.0206475622510666],[0.0253139695833911],[-0.00821594342962673],[0.0626360985110644],[0.0287252798687802]],"plot.me":[true]}],{"Name":[{"x":0.06,"y":0.0614015405655506,"se":1.20198181818642e-05},{"x":0.07,"y":0.071635130659809,"se":1.40231212121749e-05},{"x":0.08,"y":0.0818687207540675,"se":1.60264242424855e-05},{"x":0.085,"y":0.0869855158011967,"se":1.70280757576409e-05},{"x":0.085,"y":0.0869855158011967,"se":1.70280757576409e-05},{"x":0.09,"y":0.0921023108483259,"se":1.80297272727962e-05},{"x":0.0925,"y":0.0946607083718905,"se":1.85305530303739e-05},{"x":0.095,"y":0.0972191058954551,"se":1.90313787879516e-05},{"x":0.096,"y":0.098242464904881,"se":1.92317090909827e-05},{"x":0.1,"y":0.102335900942584,"se":2.00330303031069e-05},{"x":0.1,"y":0.102335900942584,"se":2.00330303031069e-05},{"x":0.105,"y":0.107452695989714,"se":2.10346818182623e-05},{"x":0.105,"y":0.107452695989714,"se":2.10346818182623e-05},{"x":0.106666666666667,"y":0.109158294338757,"se":2.13685656566474e-05},{"x":0.11,"y":0.112569491036843,"se":2.20363333334176e-05},{"x":0.115,"y":0.117686286083972,"se":2.3037984848573e-05},{"x":0.115,"y":0.117686286083972,"se":2.3037984848573e-05},{"x":0.116666666666667,"y":0.119391884433015,"se":2.33718686869581e-05},{"x":0.12,"y":0.122803081131101,"se":2.40396363637283e-05},{"x":0.12,"y":0.122803081131101,"se":2.40396363637283e-05},{"x":0.125,"y":0.12791987617823,"se":2.50412878788837e-05},{"x":0.13,"y":0.13303667122536,"se":2.6042939394039e-05},{"x":0.133333333333333,"y":0.136447867923446,"se":2.67107070708092e-05},{"x":0.135,"y":0.138153466272489,"se":2.70445909091944e-05},{"x":0.14,"y":0.143270261319618,"se":2.80462424243497e-05},{"x":0.14125,"y":0.1445494600814,"se":2.82966553031385e-05},{"x":0.145,"y":0.148387056366747,"se":2.9047893939505e-05},{"x":0.148,"y":0.151457133395025,"se":2.96488848485983e-05},{"x":0.15,"y":0.153503851413876,"se":3.00495454546604e-05},{"x":0.15,"y":0.153503851413877,"se":3.00495454546604e-05},{"x":0.1525,"y":0.156062248937441,"se":3.05503712122381e-05},{"x":0.1525,"y":0.156062248937441,"se":3.05503712122381e-05},{"x":0.155,"y":0.158620646461006,"se":3.10511969698157e-05},{"x":0.16,"y":0.163737441508135,"se":3.20528484849711e-05},{"x":0.163333333333333,"y":0.167148638206221,"se":3.27206161617413e-05},{"x":0.165,"y":0.168854236555264,"se":3.30545000001264e-05},{"x":0.165,"y":0.168854236555264,"se":3.30545000001264e-05},{"x":0.17,"y":0.173971031602393,"se":3.40561515152818e-05},{"x":0.17,"y":0.173971031602393,"se":3.40561515152818e-05},{"x":0.172,"y":0.176017749621245,"se":3.44568121213439e-05},{"x":0.173333333333333,"y":0.17738222830048,"se":3.4723919192052e-05},{"x":0.175,"y":0.179087826649523,"se":3.50578030304371e-05},{"x":0.18,"y":0.184204621696652,"se":3.60594545455925e-05},{"x":0.18,"y":0.184204621696652,"se":3.60594545455925e-05},{"x":0.185,"y":0.189321416743781,"se":3.70611060607478e-05},{"x":0.185,"y":0.189321416743781,"se":3.70611060607478e-05},{"x":0.186666666666667,"y":0.191027015092824,"se":3.73949898991329e-05},{"x":0.186666666666667,"y":0.191027015092824,"se":3.73949898991329e-05},{"x":0.19,"y":0.19443821179091,"se":3.80627575759032e-05},{"x":0.19,"y":0.19443821179091,"se":3.80627575759032e-05},{"x":0.193333333333333,"y":0.197849408488996,"se":3.87305252526734e-05},{"x":0.193333333333333,"y":0.197849408488996,"se":3.87305252526734e-05},{"x":0.195,"y":0.199555006838039,"se":3.90644090910585e-05},{"x":0.196,"y":0.200578365847465,"se":3.92647393940896e-05},{"x":0.196666666666667,"y":0.201260605187083,"se":3.93982929294436e-05},{"x":0.196666666666667,"y":0.201260605187083,"se":3.93982929294436e-05},{"x":0.1975,"y":0.202113404361604,"se":3.95652348486362e-05},{"x":0.198,"y":0.202625083866317,"se":3.96654000001517e-05},{"x":0.2,"y":0.204671801885169,"se":4.00660606062139e-05},{"x":0.2,"y":0.204671801885169,"se":4.00660606062139e-05},{"x":0.2,"y":0.204671801885169,"se":4.00660606062139e-05},{"x":0.202,"y":0.20671851990402,"se":4.0466721212276e-05},{"x":0.2025,"y":0.207230199408733,"se":4.05668863637915e-05},{"x":0.2025,"y":0.207230199408733,"se":4.05668863637915e-05},{"x":0.203333333333333,"y":0.208082998583255,"se":4.07338282829841e-05},{"x":0.203333333333333,"y":0.208082998583255,"se":4.07338282829841e-05},{"x":0.205,"y":0.209788596932298,"se":4.10677121213692e-05},{"x":0.205,"y":0.209788596932298,"se":4.10677121213692e-05},{"x":0.206666666666667,"y":0.211494195281341,"se":4.14015959597543e-05},{"x":0.206666666666667,"y":0.211494195281341,"se":4.14015959597543e-05},{"x":0.2075,"y":0.212346994455862,"se":4.15685378789469e-05},{"x":0.21,"y":0.214905391979427,"se":4.20693636365246e-05},{"x":0.21,"y":0.214905391979427,"se":4.20693636365246e-05},{"x":0.215,"y":0.220022187026556,"se":4.30710151516799e-05},{"x":0.215,"y":0.220022187026556,"se":4.30710151516799e-05},{"x":0.22,"y":0.225138982073686,"se":4.40726666668352e-05},{"x":0.22,"y":0.225138982073686,"se":4.40726666668352e-05},{"x":0.22,"y":0.225138982073686,"se":4.40726666668352e-05},{"x":0.225,"y":0.230255777120815,"se":4.50743181819906e-05},{"x":0.225,"y":0.230255777120815,"se":4.50743181819906e-05},{"x":0.225,"y":0.230255777120815,"se":4.50743181819906e-05},{"x":0.226666666666667,"y":0.231961375469858,"se":4.54082020203757e-05},{"x":0.2275,"y":0.232814174644379,"se":4.55751439395683e-05},{"x":0.23,"y":0.235372572167944,"se":4.60759696971459e-05},{"x":0.23,"y":0.235372572167944,"se":4.60759696971459e-05},{"x":0.233333333333333,"y":0.23878376886603,"se":4.67437373739162e-05},{"x":0.233333333333333,"y":0.23878376886603,"se":4.67437373739162e-05},{"x":0.235,"y":0.240489367215073,"se":4.70776212123013e-05},{"x":0.235,"y":0.240489367215073,"se":4.70776212123013e-05},{"x":0.236,"y":0.241512726224499,"se":4.72779515153323e-05},{"x":0.236666666666667,"y":0.242194965564116,"se":4.74115050506864e-05},{"x":0.236666666666667,"y":0.242194965564116,"se":4.74115050506864e-05},{"x":0.2375,"y":0.243047764738638,"se":4.7578446969879e-05},{"x":0.239166666666667,"y":0.244753363087681,"se":4.79123308082641e-05},{"x":0.24,"y":0.245606162262202,"se":4.80792727274566e-05},{"x":0.24,"y":0.245606162262202,"se":4.80792727274566e-05},{"x":0.245,"y":0.250722957309332,"se":4.9080924242612e-05},{"x":0.246666666666667,"y":0.252428555658375,"se":4.94148080809971e-05},{"x":0.246666666666667,"y":0.252428555658375,"se":4.94148080809971e-05},{"x":0.2475,"y":0.253281354832896,"se":4.95817500001897e-05},{"x":0.25,"y":0.255839752356461,"se":5.00825757577673e-05},{"x":0.2525,"y":0.258398149880025,"se":5.0583401515345e-05},{"x":0.253333333333333,"y":0.259250949054547,"se":5.07503434345376e-05},{"x":0.254,"y":0.259933188394164,"se":5.08838969698916e-05},{"x":0.255,"y":0.26095654740359,"se":5.10842272729227e-05},{"x":0.256666666666667,"y":0.262662145752633,"se":5.14181111113078e-05},{"x":0.2575,"y":0.263514944927155,"se":5.15850530305003e-05},{"x":0.26,"y":0.266073342450719,"se":5.2085878788078e-05},{"x":0.26,"y":0.266073342450719,"se":5.2085878788078e-05},{"x":0.2625,"y":0.268631739974284,"se":5.25867045456557e-05},{"x":0.263333333333333,"y":0.269484539148805,"se":5.27536464648483e-05},{"x":0.265,"y":0.271190137497848,"se":5.30875303032334e-05},{"x":0.266666666666667,"y":0.272895735846892,"se":5.34214141416185e-05},{"x":0.2675,"y":0.273748535021413,"se":5.3588356060811e-05},{"x":0.27,"y":0.276306932544978,"se":5.40891818183887e-05},{"x":0.271666666666667,"y":0.278012530894021,"se":5.44230656567738e-05},{"x":0.2725,"y":0.278865330068542,"se":5.45900075759664e-05},{"x":0.273333333333333,"y":0.279718129243064,"se":5.4756949495159e-05},{"x":0.274,"y":0.280400368582681,"se":5.4890503030513e-05},{"x":0.275,"y":0.281423727592107,"se":5.50908333335441e-05},{"x":0.275,"y":0.281423727592107,"se":5.50908333335441e-05},{"x":0.276666666666667,"y":0.28312932594115,"se":5.54247171719292e-05},{"x":0.28,"y":0.286540522639236,"se":5.60924848486994e-05},{"x":0.28,"y":0.286540522639236,"se":5.60924848486994e-05},{"x":0.282,"y":0.288587240658088,"se":5.64931454547615e-05},{"x":0.2825,"y":0.289098920162801,"se":5.65933106062771e-05},{"x":0.283333333333333,"y":0.289951719337322,"se":5.67602525254696e-05},{"x":0.283333333333333,"y":0.289951719337322,"se":5.67602525254696e-05},{"x":0.285,"y":0.291657317686365,"se":5.70941363638547e-05},{"x":0.285,"y":0.291657317686365,"se":5.70941363638548e-05},{"x":0.286666666666667,"y":0.293362916035408,"se":5.74280202022399e-05},{"x":0.288,"y":0.294727394714643,"se":5.7695127272948e-05},{"x":0.29,"y":0.296774112733495,"se":5.80957878790101e-05},{"x":0.29,"y":0.296774112733495,"se":5.80957878790101e-05},{"x":0.291666666666667,"y":0.298479711082538,"se":5.84296717173952e-05},{"x":0.2925,"y":0.299332510257059,"se":5.85966136365878e-05},{"x":0.293333333333333,"y":0.300185309431581,"se":5.87635555557803e-05},{"x":0.293333333333333,"y":0.300185309431581,"se":5.87635555557803e-05},{"x":0.295,"y":0.301890907780624,"se":5.90974393941654e-05},{"x":0.295,"y":0.301890907780624,"se":5.90974393941654e-05},{"x":0.295714285714286,"y":0.302621878501642,"se":5.92405324677591e-05},{"x":0.296666666666667,"y":0.303596506129667,"se":5.94313232325506e-05},{"x":0.2975,"y":0.304449305304188,"se":5.95982651517431e-05},{"x":0.2975,"y":0.304449305304188,"se":5.95982651517431e-05},{"x":0.298,"y":0.304960984808901,"se":5.96984303032587e-05},{"x":0.3,"y":0.307007702827753,"se":6.00990909093208e-05},{"x":0.3,"y":0.307007702827753,"se":6.00990909093208e-05},{"x":0.3025,"y":0.309566100351318,"se":6.05999166668985e-05},{"x":0.303333333333333,"y":0.310418899525839,"se":6.0766858586091e-05},{"x":0.303333333333333,"y":0.310418899525839,"se":6.0766858586091e-05},{"x":0.303333333333333,"y":0.310418899525839,"se":6.0766858586091e-05},{"x":0.304,"y":0.311101138865456,"se":6.09004121214451e-05},{"x":0.304,"y":0.311101138865456,"se":6.09004121214451e-05},{"x":0.305,"y":0.312124497874882,"se":6.11007424244761e-05},{"x":0.305,"y":0.312124497874882,"se":6.11007424244761e-05},{"x":0.306,"y":0.313147856884308,"se":6.13010727275072e-05},{"x":0.306,"y":0.313147856884308,"se":6.13010727275072e-05},{"x":0.306666666666667,"y":0.313830096223925,"se":6.14346262628612e-05},{"x":0.306666666666667,"y":0.313830096223925,"se":6.14346262628613e-05},{"x":0.3075,"y":0.314682895398447,"se":6.16015681820538e-05},{"x":0.308,"y":0.31519457490316,"se":6.17017333335693e-05},{"x":0.31,"y":0.317241292922011,"se":6.21023939396315e-05},{"x":0.31,"y":0.317241292922011,"se":6.21023939396315e-05},{"x":0.312,"y":0.319288010940863,"se":6.25030545456936e-05},{"x":0.3125,"y":0.319799690445576,"se":6.26032196972092e-05},{"x":0.313333333333333,"y":0.320652489620098,"se":6.27701616164017e-05},{"x":0.313333333333333,"y":0.320652489620098,"se":6.27701616164017e-05},{"x":0.313333333333333,"y":0.320652489620098,"se":6.27701616164017e-05},{"x":0.315,"y":0.322358087969141,"se":6.31040454547868e-05},{"x":0.316,"y":0.323381446978567,"se":6.33043757578179e-05},{"x":0.316666666666667,"y":0.324063686318184,"se":6.34379292931719e-05},{"x":0.316666666666667,"y":0.324063686318184,"se":6.3437929293172e-05},{"x":0.3175,"y":0.324916485492705,"se":6.36048712123645e-05},{"x":0.318,"y":0.325428164997418,"se":6.370503636388e-05},{"x":0.31875,"y":0.326195684254488,"se":6.38552840911533e-05},{"x":0.32,"y":0.32747488301627,"se":6.41056969699422e-05},{"x":0.32,"y":0.32747488301627,"se":6.41056969699422e-05},{"x":0.32,"y":0.32747488301627,"se":6.41056969699422e-05},{"x":0.3225,"y":0.330033280539834,"se":6.46065227275198e-05},{"x":0.3225,"y":0.330033280539834,"se":6.46065227275199e-05},{"x":0.323333333333333,"y":0.330886079714356,"se":6.47734646467124e-05},{"x":0.324,"y":0.331568319053973,"se":6.49070181820664e-05},{"x":0.325,"y":0.332591678063399,"se":6.51073484850975e-05},{"x":0.325,"y":0.332591678063399,"se":6.51073484850975e-05},{"x":0.326666666666667,"y":0.334297276412442,"se":6.54412323234826e-05},{"x":0.326666666666667,"y":0.334297276412442,"se":6.54412323234826e-05},{"x":0.3275,"y":0.335150075586964,"se":6.56081742426752e-05},{"x":0.328,"y":0.335661755091677,"se":6.57083393941907e-05},{"x":0.33,"y":0.337708473110528,"se":6.61090000002529e-05},{"x":0.33,"y":0.337708473110528,"se":6.61090000002529e-05},{"x":0.332,"y":0.33975519112938,"se":6.6509660606315e-05},{"x":0.3325,"y":0.340266870634093,"se":6.66098257578305e-05},{"x":0.333333333333333,"y":0.341119669808614,"se":6.67767676770231e-05},{"x":0.335,"y":0.342825268157657,"se":6.71106515154082e-05},{"x":0.335,"y":0.342825268157658,"se":6.71106515154082e-05},{"x":0.336,"y":0.343848627167083,"se":6.73109818184393e-05},{"x":0.336666666666667,"y":0.344530866506701,"se":6.74445353537933e-05},{"x":0.3375,"y":0.345383665681222,"se":6.76114772729859e-05},{"x":0.338,"y":0.345895345185935,"se":6.77116424245014e-05},{"x":0.34,"y":0.347942063204787,"se":6.81123030305635e-05},{"x":0.34,"y":0.347942063204787,"se":6.81123030305636e-05},{"x":0.341,"y":0.348965422214213,"se":6.83126333335946e-05},{"x":0.3425,"y":0.350500460728351,"se":6.86131287881412e-05},{"x":0.3425,"y":0.350500460728351,"se":6.86131287881412e-05},{"x":0.343333333333333,"y":0.351353259902873,"se":6.87800707073338e-05},{"x":0.343333333333333,"y":0.351353259902873,"se":6.87800707073338e-05},{"x":0.344,"y":0.35203549924249,"se":6.89136242426878e-05},{"x":0.345,"y":0.353058858251916,"se":6.91139545457189e-05},{"x":0.345,"y":0.353058858251916,"se":6.91139545457189e-05},{"x":0.346666666666667,"y":0.354764456600959,"se":6.9447838384104e-05},{"x":0.3475,"y":0.355617255775481,"se":6.96147803032966e-05},{"x":0.3475,"y":0.355617255775481,"se":6.96147803032966e-05},{"x":0.348,"y":0.356128935280194,"se":6.97149454548121e-05},{"x":0.35,"y":0.358175653299045,"se":7.01156060608742e-05},{"x":0.35,"y":0.358175653299045,"se":7.01156060608742e-05},{"x":0.35,"y":0.358175653299045,"se":7.01156060608743e-05},{"x":0.3525,"y":0.36073405082261,"se":7.06164318184519e-05},{"x":0.3525,"y":0.36073405082261,"se":7.06164318184519e-05},{"x":0.353333333333333,"y":0.361586849997131,"se":7.07833737376445e-05},{"x":0.354,"y":0.362269089336749,"se":7.09169272729985e-05},{"x":0.355,"y":0.363292448346174,"se":7.11172575760296e-05},{"x":0.355,"y":0.363292448346174,"se":7.11172575760296e-05},{"x":0.356666666666667,"y":0.364998046695217,"se":7.14511414144147e-05},{"x":0.356666666666667,"y":0.364998046695217,"se":7.14511414144147e-05},{"x":0.3575,"y":0.365850845869739,"se":7.16180833336073e-05},{"x":0.3575,"y":0.365850845869739,"se":7.16180833336073e-05},{"x":0.358333333333333,"y":0.366703645044261,"se":7.17850252527998e-05},{"x":0.36,"y":0.368409243393304,"se":7.21189090911849e-05},{"x":0.36,"y":0.368409243393304,"se":7.21189090911849e-05},{"x":0.36,"y":0.368409243393304,"se":7.2118909091185e-05},{"x":0.3625,"y":0.370967640916868,"se":7.26197348487626e-05},{"x":0.3625,"y":0.370967640916868,"se":7.26197348487626e-05},{"x":0.363333333333333,"y":0.37182044009139,"se":7.27866767679552e-05},{"x":0.363333333333333,"y":0.37182044009139,"se":7.27866767679552e-05},{"x":0.364,"y":0.372502679431007,"se":7.29202303033092e-05},{"x":0.365,"y":0.373526038440433,"se":7.31205606063403e-05},{"x":0.365,"y":0.373526038440433,"se":7.31205606063403e-05},{"x":0.365714285714286,"y":0.374257009161451,"se":7.32636536799339e-05},{"x":0.366666666666667,"y":0.375231636789476,"se":7.34544444447254e-05},{"x":0.366666666666667,"y":0.375231636789476,"se":7.34544444447254e-05},{"x":0.3675,"y":0.376084435963997,"se":7.3621386363918e-05},{"x":0.3675,"y":0.376084435963997,"se":7.3621386363918e-05},{"x":0.37,"y":0.378642833487562,"se":7.41222121214956e-05},{"x":0.37,"y":0.378642833487562,"se":7.41222121214956e-05},{"x":0.37,"y":0.378642833487562,"se":7.41222121214956e-05},{"x":0.3725,"y":0.381201231011127,"se":7.46230378790733e-05},{"x":0.3725,"y":0.381201231011127,"se":7.46230378790733e-05},{"x":0.373333333333333,"y":0.382054030185648,"se":7.47899797982659e-05},{"x":0.373333333333333,"y":0.382054030185648,"se":7.47899797982659e-05},{"x":0.374,"y":0.382736269525265,"se":7.49235333336199e-05},{"x":0.375,"y":0.383759628534691,"se":7.5123863636651e-05},{"x":0.376,"y":0.384782987544117,"se":7.53241939396821e-05},{"x":0.376666666666667,"y":0.385465226883734,"se":7.54577474750361e-05},{"x":0.376666666666667,"y":0.385465226883734,"se":7.54577474750361e-05},{"x":0.3775,"y":0.386318026058256,"se":7.56246893942286e-05},{"x":0.3775,"y":0.386318026058256,"se":7.56246893942287e-05},{"x":0.3775,"y":0.386318026058256,"se":7.56246893942287e-05},{"x":0.38,"y":0.38887642358182,"se":7.61255151518063e-05},{"x":0.38,"y":0.38887642358182,"se":7.61255151518063e-05},{"x":0.38,"y":0.388876423581821,"se":7.61255151518063e-05},{"x":0.381666666666667,"y":0.390582021930864,"se":7.64593989901914e-05},{"x":0.382,"y":0.390923141600672,"se":7.65261757578685e-05},{"x":0.3825,"y":0.391434821105385,"se":7.6626340909384e-05},{"x":0.3825,"y":0.391434821105385,"se":7.6626340909384e-05},{"x":0.383333333333333,"y":0.392287620279907,"se":7.67932828285766e-05},{"x":0.383333333333333,"y":0.392287620279907,"se":7.67932828285766e-05},{"x":0.38375,"y":0.392714019867167,"se":7.68767537881728e-05},{"x":0.384,"y":0.392969859619524,"se":7.69268363639306e-05},{"x":0.384285714285714,"y":0.393262247907931,"se":7.69840735933681e-05},{"x":0.385,"y":0.39399321862895,"se":7.71271666669617e-05},{"x":0.385,"y":0.39399321862895,"se":7.71271666669617e-05},{"x":0.385,"y":0.39399321862895,"se":7.71271666669617e-05},{"x":0.386666666666667,"y":0.395698816977993,"se":7.74610505053468e-05},{"x":0.386666666666667,"y":0.395698816977993,"se":7.74610505053468e-05},{"x":0.3875,"y":0.396551616152514,"se":7.76279924245393e-05},{"x":0.3875,"y":0.396551616152514,"se":7.76279924245394e-05},{"x":0.3875,"y":0.396551616152514,"se":7.76279924245394e-05},{"x":0.388,"y":0.397063295657227,"se":7.77281575760549e-05},{"x":0.388333333333333,"y":0.397404415327036,"se":7.77949343437319e-05},{"x":0.388333333333333,"y":0.397404415327036,"se":7.77949343437319e-05},{"x":0.39,"y":0.399110013676079,"se":7.8128818182117e-05},{"x":0.39,"y":0.399110013676079,"se":7.8128818182117e-05},{"x":0.39,"y":0.399110013676079,"se":7.8128818182117e-05},{"x":0.391666666666667,"y":0.400815612025122,"se":7.84627020205021e-05},{"x":0.392,"y":0.401156731694931,"se":7.85294787881792e-05},{"x":0.3925,"y":0.401668411199643,"se":7.86296439396947e-05},{"x":0.3925,"y":0.401668411199644,"se":7.86296439396947e-05},{"x":0.393333333333333,"y":0.402521210374165,"se":7.87965858588873e-05},{"x":0.393333333333333,"y":0.402521210374165,"se":7.87965858588873e-05},{"x":0.394,"y":0.403203449713782,"se":7.89301393942413e-05},{"x":0.395,"y":0.404226808723208,"se":7.91304696972724e-05},{"x":0.395,"y":0.404226808723208,"se":7.91304696972724e-05},{"x":0.396,"y":0.405250167732634,"se":7.93308000003034e-05},{"x":0.396666666666667,"y":0.405932407072251,"se":7.94643535356575e-05},{"x":0.3975,"y":0.406785206246773,"se":7.963129545485e-05},{"x":0.3975,"y":0.406785206246773,"se":7.963129545485e-05},{"x":0.398,"y":0.407296885751486,"se":7.97314606063656e-05},{"x":0.398333333333333,"y":0.407638005421294,"se":7.97982373740426e-05},{"x":0.4,"y":0.409343603770337,"se":8.01321212124277e-05},{"x":0.4,"y":0.409343603770337,"se":8.01321212124277e-05},{"x":0.4,"y":0.409343603770337,"se":8.01321212124277e-05},{"x":0.401666666666667,"y":0.41104920211938,"se":8.04660050508128e-05},{"x":0.4025,"y":0.411902001293902,"se":8.06329469700054e-05},{"x":0.4025,"y":0.411902001293902,"se":8.06329469700054e-05},{"x":0.4025,"y":0.411902001293902,"se":8.06329469700054e-05},{"x":0.403333333333333,"y":0.412754800468423,"se":8.07998888891979e-05},{"x":0.403333333333333,"y":0.412754800468424,"se":8.0799888889198e-05},{"x":0.405,"y":0.414460398817467,"se":8.11337727275831e-05},{"x":0.405,"y":0.414460398817467,"se":8.11337727275831e-05},{"x":0.406,"y":0.415483757826892,"se":8.13341030306141e-05},{"x":0.406666666666667,"y":0.41616599716651,"se":8.14676565659682e-05},{"x":0.406666666666667,"y":0.41616599716651,"se":8.14676565659682e-05},{"x":0.4075,"y":0.417018796341031,"se":8.16345984851607e-05},{"x":0.4075,"y":0.417018796341031,"se":8.16345984851607e-05},{"x":0.408,"y":0.417530475845744,"se":8.17347636366763e-05},{"x":0.408,"y":0.417530475845744,"se":8.17347636366763e-05},{"x":0.408571428571429,"y":0.418115252422559,"se":8.18492380955512e-05},{"x":0.41,"y":0.419577193864596,"se":8.21354242427384e-05},{"x":0.41,"y":0.419577193864596,"se":8.21354242427384e-05},{"x":0.4125,"y":0